4 0.098633 0.297852 0.193359 0.044922
4 0.219238 0.375000 0.155273 0.021484
4 0.293945 0.408203 0.109375 0.017578
4 0.337402 0.431152 0.084961 0.018555
4 0.507812 0.424316 0.044922 0.018555
4 0.582031 0.405762 0.099609 0.018555
4 0.617676 0.372559 0.137695 0.024414
4 0.696289 0.291504 0.234375 0.051758
4 0.843262 0.049805 0.309570 0.097656
6 0.246094 0.565918 0.044922 0.032227
6 0.356445 0.545410 0.027344 0.024414
6 0.453613 0.544434 0.047852 0.036133
6 0.428711 0.606445 0.097656 0.058594
6 0.512695 0.604004 0.076172 0.063477
6 0.687012 0.561035 0.041992 0.034180
6 0.761230 0.577148 0.040039 0.050781
6 0.689941 0.597656 0.061523 0.052734
6 0.071289 0.626465 0.044922 0.051758
9 0.064941 0.495117 0.127930 0.078125
9 0.210449 0.494141 0.100586 0.044922
3 0.234375 0.622070 0.171875 0.085938
3 0.443848 0.779785 0.153320 0.264648
3 0.714844 0.718262 0.103516 0.190430
1 0.874512 0.419434 0.141602 0.145508
2 0.604492 0.497070 0.150391 0.164062
2 0.400879 0.504883 0.262695 0.134766
2 0.080566 0.649414 0.157227 0.244141
2 0.235352 0.578125 0.156250 0.126953
5 0.611816 0.397461 0.041992 0.025391
8 0.331055 0.300293 0.041016 0.026367
