11 0.479492 0.721680 0.025391 0.025391
11 0.919922 0.977051 0.039062 0.045898
4 0.125488 0.278320 0.036133 0.031250
4 0.369141 0.270020 0.037109 0.032227
4 0.709961 0.260254 0.050781 0.034180
4 0.558594 0.133301 0.050781 0.034180
4 0.129395 0.176270 0.247070 0.040039
7 0.517090 0.595215 0.036133 0.024414
16 0.626953 0.531250 0.025391 0.019531
0 0.669922 0.675293 0.246094 0.477539
3 0.141602 0.711914 0.156250 0.222656
3 0.244141 0.714844 0.111328 0.255859
3 0.693848 0.556152 0.047852 0.053711
3 0.203613 0.900879 0.102539 0.198242
