1 0.302734 0.858398 0.167969 0.263672
1 0.367676 0.744141 0.088867 0.179688
1 0.413574 0.669434 0.075195 0.104492
1 0.557129 0.623047 0.081055 0.050781
1 0.723633 0.661133 0.068359 0.083984
1 0.841309 0.731445 0.096680 0.138672
1 0.947754 0.811523 0.104492 0.207031
1 0.668945 0.813477 0.662109 0.373047
1 0.550293 0.549316 0.079102 0.040039
1 0.499023 0.575684 0.039062 0.088867
1 0.789551 0.608887 0.135742 0.090820
2 0.812500 0.554199 0.083984 0.045898
3 0.544922 0.541016 0.185547 0.189453
3 0.932129 0.586426 0.135742 0.323242
3 0.201660 0.621094 0.125977 0.369141
4 0.053711 0.558105 0.105469 0.266602
5 0.525879 0.366699 0.149414 0.030273
5 0.525879 0.278809 0.233398 0.040039
5 0.768066 0.373047 0.147461 0.025391
5 0.880371 0.017090 0.227539 0.032227
6 0.458008 0.220215 0.148438 0.075195
7 0.304199 0.524902 0.124023 0.340820
0 0.755859 0.556641 0.056641 0.029297
