16 0.526855 0.444336 0.018555 0.015625
15 0.533691 0.524902 0.051758 0.131836
18 0.593262 0.620117 0.155273 0.144531
20 0.587891 0.263184 0.126953 0.069336
15 0.701660 0.605469 0.090820 0.332031
22 0.805176 0.590820 0.020508 0.025391
18 0.892578 0.758789 0.214844 0.261719
17 0.871094 0.619629 0.257812 0.352539
17 0.261719 0.534668 0.521484 0.551758
19 0.097656 0.070312 0.189453 0.138672
19 0.671387 0.075195 0.260742 0.148438
21 0.151367 0.634277 0.111328 0.079102
18 0.137695 0.822266 0.154297 0.208984
