17 0.139648 0.515625 0.277344 0.253906
17 0.423828 0.581055 0.212891 0.287109
17 0.972168 0.574219 0.055664 0.291016
18 0.690430 0.638672 0.281250 0.148438
19 0.485352 0.251465 0.251953 0.063477
19 0.729980 0.333496 0.172852 0.041992
19 0.961426 0.385254 0.077148 0.026367
19 0.225586 0.345215 0.158203 0.055664
19 0.059082 0.351074 0.116211 0.045898
20 0.311035 0.385742 0.053711 0.019531
21 0.100098 0.562012 0.065430 0.047852
21 0.185547 0.564941 0.078125 0.036133
18 0.072754 0.617676 0.088867 0.112305
18 0.183594 0.621094 0.080078 0.099609
22 0.336426 0.573242 0.016602 0.023438
22 0.349609 0.574219 0.017578 0.025391
16 0.660156 0.478027 0.093750 0.061523
