18 0.312500 0.829102 0.166016 0.226562
18 0.463867 0.673828 0.103516 0.058594
18 0.645996 0.664551 0.098633 0.088867
18 0.765625 0.660645 0.101562 0.057617
18 0.682129 0.829590 0.635742 0.313477
18 0.739258 0.567871 0.091797 0.055664
26 0.832520 0.638184 0.016602 0.020508
27 0.217773 0.576172 0.066406 0.056641
15 0.365723 0.558594 0.086914 0.210938
15 0.490234 0.569824 0.142578 0.256836
15 0.736328 0.565430 0.146484 0.244141
24 0.921875 0.514648 0.156250 0.134766
19 0.223633 0.348145 0.152344 0.071289
19 0.093750 0.137695 0.185547 0.189453
19 0.587402 0.114746 0.227539 0.227539
19 0.875488 0.264648 0.249023 0.113281
20 0.808105 0.057617 0.186523 0.113281
28 0.540039 0.518555 0.042969 0.072266
