19 0.365723 0.318359 0.040039 0.029297
19 0.589844 0.312012 0.029297 0.030273
19 0.817383 0.299316 0.029297 0.028320
19 0.162598 0.148926 0.288086 0.229492
19 0.633301 0.124023 0.084961 0.240234
19 0.970215 0.199219 0.059570 0.066406
16 0.312500 0.409668 0.044922 0.032227
26 0.596680 0.656250 0.017578 0.015625
15 0.317871 0.573242 0.129883 0.265625
25 0.053223 0.547852 0.104492 0.183594
21 0.212891 0.796875 0.113281 0.158203
21 0.342773 0.716309 0.123047 0.067383
21 0.494629 0.731934 0.112305 0.069336
21 0.682129 0.747070 0.116211 0.064453
21 0.852051 0.770508 0.155273 0.107422
21 0.884766 0.861816 0.183594 0.174805
21 0.512695 0.856445 0.154297 0.083984
