18 0.302734 0.858398 0.167969 0.263672
18 0.367676 0.744141 0.088867 0.179688
18 0.413574 0.669434 0.075195 0.104492
18 0.557129 0.623047 0.081055 0.050781
18 0.723633 0.661133 0.068359 0.083984
18 0.841309 0.731445 0.096680 0.138672
18 0.947754 0.811523 0.104492 0.207031
18 0.668945 0.813477 0.662109 0.373047
18 0.550293 0.549316 0.079102 0.040039
18 0.499023 0.575684 0.039062 0.088867
18 0.789551 0.608887 0.135742 0.090820
27 0.812500 0.554199 0.083984 0.045898
15 0.544922 0.541016 0.185547 0.189453
15 0.932129 0.586426 0.135742 0.323242
15 0.201660 0.621094 0.125977 0.369141
25 0.053711 0.558105 0.105469 0.266602
19 0.525879 0.366699 0.149414 0.030273
19 0.525879 0.278809 0.233398 0.040039
19 0.768066 0.373047 0.147461 0.025391
19 0.880371 0.017090 0.227539 0.032227
20 0.458008 0.220215 0.148438 0.075195
17 0.304199 0.524902 0.124023 0.340820
